1) 28 
2) 70 
3) 72 
4) 50 
5) 4 
6) 5 
7) 7 
8) 40 
9) 9 
10) 28 
11) 7 
12) 63 
13) 48 
14) 10 
15) 49 
16) 7 
17) 5 
18) 24 
19) 63 
20) 6 
21) 6 
22) 21 
23) 8 
24) 5 
25) 18 
26) 2 
27) 10 
28) 16 
29) 35 
30) 70 
31) 12 
32) 9 
33) 30 
34) 21 
35) 4 
36) 7 
37) 30 
38) 15 
39) 90 
40) 12 
41) 24 
42) 20 
43) 40 
44) 6 
45) 100 
46) 40 
47) 100 
48) 63 
49) 70 
50) 18 
51) 9 
52) 4 
53) 90 
54) 80 
55) 14 
56) 40 
57) 49 
58) 18 
59) 18 
60) 10 
61) 40 
62) 30 
63) 49 
64) 9 
65) 30 
66) 10 
67) 40 
68) 21 
69) 100 
70) 10 
71) 6 
72) 70 
73) 20 
74) 16 
75) 6 
76) 12 
77) 56 
78) 3 
79) 9 
80) 27 
81) 2 
82) 6 
83) 40 
84) 16 
85) 54 
86) 72 
87) 80 
88) 36 
89) 2 
90) 40 
91) 63 
92) 30 
93) 10 
94) 6 
95) 10 
96) 4 
97) 54 
98) 4 
99) 9 
100) 12 
101) 25 
102) 18 
103) 16 
104) 24 
105) 70 
106) 60 
107) 32 
108) 18 
109) 6 
110) 12 
111) 4 
112) 64 
113) 20 
114) 50 
115) 6 
116) 20 
117) 25 
118) 72 
119) 9 
120) 5 
121) 40 
122) 72 
123) 6 
124) 48 
125) 90 
126) 8 
127) 28 
128) 9 
129) 36 
130) 9 
131) 28 
132) 30 
133) 36 
134) 63 
135) 30 
136) 10 
137) 40 
138) 14 
139) 72 
140) 6 
141) 2 
142) 72 
143) 2 
144) 8 
145) 9 
146) 56 
147) 54 
148) 40 
149) 40 
150) 28 
151) 63 
152) 9 
153) 54 
154) 24 
155) 8 
156) 12 
157) 56 
158) 42 
159) 70 
160) 6 
161) 14 
162) 4 
163) 81 
164) 5 
165) 12 
166) 7 
167) 36 
168) 28 
169) 100 
170) 18 
171) 18 
172) 7 
173) 12 
174) 6 
175) 28 
176) 8 
177) 30 
178) 72 
179) 80 
180) 42 
181) 16 
182) 32 
183) 3 
184) 30 
185) 54 
186) 70 
187) 12 
188) 30 
189) 30 
190) 24 
191) 100 
192) 9 
193) 30 
194) 36 
195) 5 
196) 50 
197) 27 
198) 8 
199) 54 
200) 4 
201) 80 
202) 10 
203) 14 
204) 16 
205) 72 
206) 24 
207) 35 
208) 72 
209) 40 
210) 45 
211) 48 
212) 42 
213) 63 
214) 24 
215) 48 
216) 56 
217) 24 
218) 35 
219) 2 
220) 36 
221) 45 
222) 28 
223) 36 
224) 45 
225) 81 
226) 18 
227) 24 
228) 35 
229) 12 
230) 81 
231) 21 
232) 48 
233) 18 
234) 24 
235) 16 
236) 42 
237) 36 
238) 10 
239) 10 
240) 12 
241) 2 
242) 64 
243) 64 
244) 30 
245) 16 
246) 40 
247) 9 
248) 21 
249) 9 
250) 28 
251) 63 
252) 7 
253) 35 
254) 32 
255) 18 
256) 20 
257) 63 
258) 50 
259) 12 
260) 24 
261) 6 
262) 4 
263) 2 
264) 3 
265) 30 
266) 8 
267) 6 
268) 20 
269) 4 
270) 36 
271) 18 
272) 21 
273) 4 
274) 64 
275) 50 
276) 35 
277) 4 
278) 30 
279) 80 
280) 42 
281) 12 
282) 8 
283) 50 
284) 15 
285) 24 
286) 81 
287) 2 
288) 100 
289) 18 
290) 20 
291) 49 
292) 2 
293) 9 
294) 18 
295) 35 
296) 9 
297) 7 
298) 36 
299) 2 
300) 24 
301) 18 
302) 3 
303) 32 
304) 12 
305) 8 
306) 18 
307) 35 
308) 72 
309) 3 
310) 20 
311) 24 
312) 35 
313) 9 
314) 10 
315) 56 
316) 14 
317) 6 
318) 48 
319) 48 
320) 4 
321) 9 
322) 54 
323) 40 
324) 35 
325) 6 
326) 20 
327) 21 
328) 30 
329) 80 
330) 9 
331) 6 
332) 30 
333) 10 
334) 20 
335) 10 
336) 63 
337) 60 
338) 4 
339) 10 
340) 20 
341) 18 
342) 28 
343) 4 
344) 15 
345) 80 
346) 3 
347) 80 
348) 40 
349) 30 
350) 72 
351) 40 
352) 8 
353) 21 
354) 70 
355) 5 
356) 50 
357) 64 
358) 6 
359) 24 
360) 32 
361) 42 
362) 8 
363) 80 
364) 100 
365) 30 
366) 72 
367) 32 
368) 5 
369) 10 
370) 20 
371) 3 
372) 7 
373) 14 
374) 70 
375) 4 
376) 60 
377) 4 
378) 7 
379) 30 
380) 54 
381) 10 
382) 16 
383) 35 
384) 15 
385) 21 
386) 50 
387) 2 
388) 15 
389) 20 
390) 5 
391) 45 
392) 42 
393) 54 
394) 10 
395) 36 
396) 24 
397) 4 
398) 9 
399) 15 
400) 4 
